0.000000	1.700000	0.000000
1.000000	1.699986	-0.000028	0.000006
2.000000	1.699945	-0.000055	0.000006
3.000000	1.699876	-0.000083	0.000006
4.000000	1.699780	-0.000110	0.000006
5.000000	1.699656	-0.000138	0.000006
6.000000	1.699504	-0.000165	0.000006
7.000000	1.699325	-0.000193	0.000006
8.000000	1.699119	-0.000220	0.000006
9.000000	1.698885	-0.000248	0.000006
10.000000	1.698623	-0.000275	0.000006
11.000000	1.698335	-0.000303	0.000006
12.000000	1.698018	-0.000330	0.000006
13.000000	1.697675	-0.000357	0.000006
14.000000	1.697304	-0.000385	0.000006
15.000000	1.696905	-0.000412	0.000006
16.000000	1.696480	-0.000439	0.000006
17.000000	1.696027	-0.000466	0.000006
18.000000	1.695547	-0.000494	0.000006
19.000000	1.695040	-0.000521	0.000006
20.000000	1.694505	-0.000548	0.000006
21.000000	1.693944	-0.000575	0.000006
22.000000	1.693356	-0.000602	0.000006
23.000000	1.692740	-0.000629	0.000006
24.000000	1.692098	-0.000656	0.000006
25.000000	1.691429	-0.000683	0.000006
26.000000	1.690733	-0.000709	0.000006
27.000000	1.690011	-0.000736	0.000006
28.000000	1.689261	-0.000763	0.000006
29.000000	1.688485	-0.000789	0.000006
30.000000	1.687683	-0.000816	0.000006
31.000000	1.686854	-0.000842	0.000006
32.000000	1.685999	-0.000868	0.000006
33.000000	1.685117	-0.000895	0.000006
34.000000	1.684210	-0.000921	0.000006
35.000000	1.683276	-0.000947	0.000006
36.000000	1.682316	-0.000973	0.000006
37.000000	1.681330	-0.000999	0.000006
38.000000	1.680318	-0.001025	0.000006
39.000000	1.679281	-0.001050	0.000006
40.000000	1.678218	-0.001076	0.000006
41.000000	1.677129	-0.001101	0.000006
42.000000	1.676015	-0.001127	0.000006
43.000000	1.674875	-0.001152	0.000006
44.000000	1.673710	-0.001177	0.000006
45.000000	1.672520	-0.001202	0.000006
46.000000	1.671306	-0.001227	0.000006
47.000000	1.670066	-0.001252	0.000006
48.000000	1.668801	-0.001277	0.000006
49.000000	1.667512	-0.001302	0.000006
50.000000	1.666198	-0.001326	0.000006
51.000000	1.664860	-0.001350	0.000006
52.000000	1.663498	-0.001374	0.000006
53.000000	1.662111	-0.001399	0.000006
54.000000	1.660701	-0.001422	0.000006
55.000000	1.659266	-0.001446	0.000006
56.000000	1.657808	-0.001470	0.000006
57.000000	1.656327	-0.001493	0.000006
58.000000	1.654822	-0.001517	0.000006
59.000000	1.653294	-0.001540	0.000006
60.000000	1.651743	-0.001563	0.000006
61.000000	1.650169	-0.001585	0.000006
62.000000	1.648572	-0.001608	0.000007
63.000000	1.646953	-0.001631	0.000007
64.000000	1.645311	-0.001653	0.000007
65.000000	1.643647	-0.001675	0.000007
66.000000	1.641961	-0.001697	0.000007
67.000000	1.640253	-0.001719	0.000007
68.000000	1.638524	-0.001740	0.000007
69.000000	1.636773	-0.001761	0.000007
70.000000	1.635001	-0.001783	0.000007
71.000000	1.633208	-0.001804	0.000007
72.000000	1.631394	-0.001824	0.000007
73.000000	1.629559	-0.001845	0.000007
74.000000	1.627704	-0.001865	0.000007
75.000000	1.625829	-0.001885	0.000007
76.000000	1.623934	-0.001905	0.000007
77.000000	1.622019	-0.001925	0.000007
78.000000	1.620084	-0.001944	0.000007
79.000000	1.618131	-0.001963	0.000007
80.000000	1.616158	-0.001982	0.000007
81.000000	1.614166	-0.002001	0.000007
82.000000	1.612156	-0.002019	0.000007
83.000000	1.610127	-0.002038	0.000007
84.000000	1.608081	-0.002056	0.000007
85.000000	1.606016	-0.002073	0.000007
86.000000	1.603935	-0.002091	0.000007
87.000000	1.601835	-0.002108	0.000008
88.000000	1.599719	-0.002125	0.000008
89.000000	1.597586	-0.002141	0.000008
90.000000	1.595437	-0.002157	0.000008
91.000000	1.593271	-0.002173	0.000008
92.000000	1.591090	-0.002189	0.000008
93.000000	1.588893	-0.002205	0.000008
94.000000	1.586681	-0.002220	0.000008
95.000000	1.584454	-0.002234	0.000008
96.000000	1.582212	-0.002249	0.000008
97.000000	1.579956	-0.002263	0.000008
98.000000	1.577686	-0.002277	0.000008
99.000000	1.575402	-0.002291	0.000008
100.000000	1.573105	-0.002304	0.000008
101.000000	1.570795	-0.002317	0.000008
102.000000	1.568472	-0.002329	0.000008
103.000000	1.566137	-0.002341	0.000008
104.000000	1.563790	-0.002353	0.000009
105.000000	1.561431	-0.002364	0.000009
106.000000	1.559061	-0.002376	0.000009
107.000000	1.556680	-0.002386	0.000009
108.000000	1.554289	-0.002397	0.000009
109.000000	1.551887	-0.002407	0.000009
110.000000	1.549476	-0.002416	0.000009
111.000000	1.547055	-0.002425	0.000009
112.000000	1.544625	-0.002434	0.000009
113.000000	1.542187	-0.002443	0.000009
114.000000	1.539740	-0.002451	0.000009
115.000000	1.537286	-0.002458	0.000009
116.000000	1.534824	-0.002465	0.000009
117.000000	1.532355	-0.002472	0.000009
118.000000	1.529880	-0.002478	0.000009
119.000000	1.527399	-0.002484	0.000010
120.000000	1.524912	-0.002490	0.000010
121.000000	1.522420	-0.002495	0.000010
122.000000	1.519923	-0.002499	0.000010
123.000000	1.517422	-0.002503	0.000010
124.000000	1.514917	-0.002507	0.000010
125.000000	1.512408	-0.002510	0.000010
126.000000	1.509896	-0.002513	0.000010
127.000000	1.507383	-0.002515	0.000010
128.000000	1.504867	-0.002517	0.000010
129.000000	1.502349	-0.002518	0.000010
130.000000	1.499831	-0.002519	0.000010
131.000000	1.497312	-0.002519	0.000011
132.000000	1.494793	-0.002519	0.000011
133.000000	1.492274	-0.002518	0.000011
134.000000	1.489757	-0.002517	0.000011
135.000000	1.487241	-0.002515	0.000011
136.000000	1.484726	-0.002513	0.000011
137.000000	1.482215	-0.002510	0.000011
138.000000	1.479706	-0.002507	0.000011
139.000000	1.477202	-0.002503	0.000011
140.000000	1.474701	-0.002498	0.000011
141.000000	1.472205	-0.002494	0.000011
142.000000	1.469714	-0.002488	0.000012
143.000000	1.467229	-0.002482	0.000012
144.000000	1.464750	-0.002475	0.000012
145.000000	1.462278	-0.002468	0.000012
146.000000	1.459814	-0.002460	0.000012
147.000000	1.457358	-0.002452	0.000012
148.000000	1.454910	-0.002443	0.000012
149.000000	1.452471	-0.002434	0.000012
150.000000	1.450042	-0.002424	0.000012
151.000000	1.447624	-0.002413	0.000013
152.000000	1.445216	-0.002402	0.000013
153.000000	1.442820	-0.002390	0.000013
154.000000	1.440436	-0.002378	0.000013
155.000000	1.438064	-0.002365	0.000013
156.000000	1.435706	-0.002351	0.000013
157.000000	1.433362	-0.002337	0.000013
158.000000	1.431032	-0.002322	0.000013
159.000000	1.428717	-0.002307	0.000013
160.000000	1.426418	-0.002291	0.000013
161.000000	1.424135	-0.002275	0.000014
162.000000	1.421869	-0.002257	0.000014
163.000000	1.419620	-0.002240	0.000014
164.000000	1.417390	-0.002221	0.000014
165.000000	1.415178	-0.002202	0.000014
166.000000	1.412986	-0.002183	0.000014
167.000000	1.410813	-0.002162	0.000014
168.000000	1.408661	-0.002142	0.000014
169.000000	1.406530	-0.002120	0.000014
170.000000	1.404421	-0.002098	0.000015
171.000000	1.402334	-0.002075	0.000015
172.000000	1.400271	-0.002052	0.000015
173.000000	1.398230	-0.002028	0.000015
174.000000	1.396214	-0.002004	0.000015
175.000000	1.394223	-0.001979	0.000015
176.000000	1.392257	-0.001953	0.000015
177.000000	1.390317	-0.001927	0.000015
178.000000	1.388403	-0.001900	0.000015
179.000000	1.386517	-0.001873	0.000016
180.000000	1.384658	-0.001845	0.000016
181.000000	1.382828	-0.001816	0.000016
182.000000	1.381026	-0.001787	0.000016
183.000000	1.379254	-0.001757	0.000016
184.000000	1.377512	-0.001727	0.000016
185.000000	1.375800	-0.001696	0.000016
186.000000	1.374120	-0.001665	0.000016
187.000000	1.372471	-0.001633	0.000016
188.000000	1.370854	-0.001600	0.000016
189.000000	1.369270	-0.001567	0.000017
190.000000	1.367719	-0.001534	0.000017
191.000000	1.366202	-0.001500	0.000017
192.000000	1.364720	-0.001465	0.000017
193.000000	1.363272	-0.001430	0.000017
194.000000	1.361859	-0.001395	0.000017
195.000000	1.360482	-0.001359	0.000017
196.000000	1.359142	-0.001322	0.000017
197.000000	1.357838	-0.001285	0.000017
198.000000	1.356571	-0.001248	0.000017
199.000000	1.355342	-0.001210	0.000017
200.000000	1.354150	-0.001172	0.000017
201.000000	1.352998	-0.001133	0.000018
202.000000	1.351884	-0.001094	0.000018
203.000000	1.350809	-0.001055	0.000018
204.000000	1.349774	-0.001015	0.000018
205.000000	1.348779	-0.000975	0.000018
206.000000	1.347824	-0.000934	0.000018
207.000000	1.346910	-0.000894	0.000018
208.000000	1.346037	-0.000852	0.000018
209.000000	1.345206	-0.000811	0.000018
210.000000	1.344416	-0.000769	0.000018
211.000000	1.343668	-0.000727	0.000018
212.000000	1.342962	-0.000685	0.000018
213.000000	1.342298	-0.000642	0.000018
214.000000	1.341678	-0.000599	0.000018
215.000000	1.341100	-0.000556	0.000018
216.000000	1.340566	-0.000513	0.000018
217.000000	1.340075	-0.000469	0.000018
218.000000	1.339627	-0.000426	0.000018
219.000000	1.339224	-0.000382	0.000018
220.000000	1.338864	-0.000338	0.000018
221.000000	1.338548	-0.000294	0.000019
222.000000	1.338276	-0.000250	0.000019
223.000000	1.338049	-0.000205	0.000019
224.000000	1.337866	-0.000161	0.000019
225.000000	1.337727	-0.000117	0.000019
226.000000	1.337633	-0.000072	0.000019
227.000000	1.337583	-0.000028	0.000019
228.000000	1.337578	0.000017	0.000019
229.000000	1.337617	0.000061	0.000019
230.000000	1.337701	0.000106	0.000019
231.000000	1.337829	0.000150	0.000019
232.000000	1.338001	0.000195	0.000019
233.000000	1.338218	0.000239	0.000019
234.000000	1.338479	0.000283	0.000019
235.000000	1.338785	0.000327	0.000018
236.000000	1.339134	0.000371	0.000018
237.000000	1.339527	0.000415	0.000018
238.000000	1.339964	0.000459	0.000018
239.000000	1.340445	0.000502	0.000018
240.000000	1.340969	0.000546	0.000018
241.000000	1.341536	0.000589	0.000018
242.000000	1.342147	0.000632	0.000018
243.000000	1.342800	0.000674	0.000018
244.000000	1.343496	0.000717	0.000018
245.000000	1.344234	0.000759	0.000018
246.000000	1.345014	0.000801	0.000018
247.000000	1.345835	0.000842	0.000018
248.000000	1.346698	0.000884	0.000018
249.000000	1.347603	0.000925	0.000018
250.000000	1.348548	0.000965	0.000018
251.000000	1.349533	0.001006	0.000018
252.000000	1.350559	0.001045	0.000018
253.000000	1.351624	0.001085	0.000018
254.000000	1.352729	0.001124	0.000018
255.000000	1.353872	0.001163	0.000017
256.000000	1.355054	0.001201	0.000017
257.000000	1.356275	0.001239	0.000017
258.000000	1.357533	0.001277	0.000017
259.000000	1.358828	0.001314	0.000017
260.000000	1.360160	0.001350	0.000017
261.000000	1.361528	0.001386	0.000017
262.000000	1.362932	0.001422	0.000017
263.000000	1.364372	0.001457	0.000017
264.000000	1.365846	0.001492	0.000017
265.000000	1.367355	0.001526	0.000017
266.000000	1.368898	0.001559	0.000017
267.000000	1.370474	0.001593	0.000016
268.000000	1.372083	0.001625	0.000016
269.000000	1.373724	0.001657	0.000016
270.000000	1.375397	0.001689	0.000016
271.000000	1.377101	0.001720	0.000016
272.000000	1.378836	0.001750	0.000016
273.000000	1.380601	0.001780	0.000016
274.000000	1.382396	0.001809	0.000016
275.000000	1.384219	0.001838	0.000016
276.000000	1.386072	0.001866	0.000016
277.000000	1.387951	0.001894	0.000015
278.000000	1.389859	0.001921	0.000015
279.000000	1.391792	0.001947	0.000015
280.000000	1.393752	0.001973	0.000015
281.000000	1.395738	0.001998	0.000015
282.000000	1.397748	0.002023	0.000015
283.000000	1.399783	0.002047	0.000015
284.000000	1.401841	0.002070	0.000015
285.000000	1.403922	0.002093	0.000015
286.000000	1.406026	0.002115	0.000014
287.000000	1.408152	0.002136	0.000014
288.000000	1.410299	0.002157	0.000014
289.000000	1.412467	0.002178	0.000014
290.000000	1.414654	0.002198	0.000014
291.000000	1.416861	0.002217	0.000014
292.000000	1.419088	0.002235	0.000014
293.000000	1.421332	0.002253	0.000014
294.000000	1.423594	0.002271	0.000014
295.000000	1.425873	0.002287	0.000013
296.000000	1.428168	0.002303	0.000013
297.000000	1.430479	0.002319	0.000013
298.000000	1.432805	0.002334	0.000013
299.000000	1.435146	0.002348	0.000013
300.000000	1.437501	0.002362	0.000013
301.000000	1.439870	0.002375	0.000013
302.000000	1.442251	0.002387	0.000013
303.000000	1.444644	0.002399	0.000013
304.000000	1.447049	0.002411	0.000013
305.000000	1.449465	0.002421	0.000012
306.000000	1.451892	0.002432	0.000012
307.000000	1.454328	0.002441	0.000012
308.000000	1.456774	0.002450	0.000012
309.000000	1.459228	0.002459	0.000012
310.000000	1.461691	0.002466	0.000012
311.000000	1.464161	0.002474	0.000012
312.000000	1.466638	0.002480	0.000012
313.000000	1.469122	0.002487	0.000012
314.000000	1.471611	0.002492	0.000012
315.000000	1.474106	0.002497	0.000011
316.000000	1.476606	0.002502	0.000011
317.000000	1.479110	0.002506	0.000011
318.000000	1.481617	0.002509	0.000011
319.000000	1.484128	0.002512	0.000011
320.000000	1.486642	0.002515	0.000011
321.000000	1.489157	0.002517	0.000011
322.000000	1.491674	0.002518	0.000011
323.000000	1.494193	0.002519	0.000011
324.000000	1.496712	0.002519	0.000011
325.000000	1.499231	0.002519	0.000010
326.000000	1.501749	0.002518	0.000010
327.000000	1.504267	0.002517	0.000010
328.000000	1.506783	0.002515	0.000010
329.000000	1.509298	0.002513	0.000010
330.000000	1.511810	0.002511	0.000010
331.000000	1.514319	0.002508	0.000010
332.000000	1.516825	0.002504	0.000010
333.000000	1.519328	0.002500	0.000010
334.000000	1.521826	0.002496	0.000010
335.000000	1.524319	0.002491	0.000010
336.000000	1.526807	0.002486	0.000010
337.000000	1.529290	0.002480	0.000010
338.000000	1.531766	0.002474	0.000009
339.000000	1.534237	0.002467	0.000009
340.000000	1.536700	0.002460	0.000009
341.000000	1.539156	0.002452	0.000009
342.000000	1.541605	0.002444	0.000009
343.000000	1.544045	0.002436	0.000009
344.000000	1.546477	0.002427	0.000009
345.000000	1.548900	0.002418	0.000009
346.000000	1.551314	0.002409	0.000009
347.000000	1.553717	0.002399	0.000009
348.000000	1.556111	0.002389	0.000009
349.000000	1.558495	0.002378	0.000009
350.000000	1.560868	0.002367	0.000009
351.000000	1.563229	0.002356	0.000009
352.000000	1.565579	0.002344	0.000008
353.000000	1.567917	0.002332	0.000008
354.000000	1.570243	0.002320	0.000008
355.000000	1.572556	0.002307	0.000008
356.000000	1.574856	0.002294	0.000008
357.000000	1.577143	0.002280	0.000008
358.000000	1.579417	0.002266	0.000008
359.000000	1.581676	0.002252	0.000008
360.000000	1.583921	0.002238	0.000008
361.000000	1.586152	0.002223	0.000008
362.000000	1.588368	0.002208	0.000008
363.000000	1.590568	0.002193	0.000008
364.000000	1.592753	0.002177	0.000008
365.000000	1.594923	0.002161	0.000008
366.000000	1.597076	0.002145	0.000008
367.000000	1.599213	0.002129	0.000008
368.000000	1.601333	0.002112	0.000008
369.000000	1.603436	0.002095	0.000008
370.000000	1.605522	0.002077	0.000007
371.000000	1.607591	0.002060	0.000007
372.000000	1.609642	0.002042	0.000007
373.000000	1.611674	0.002024	0.000007
374.000000	1.613689	0.002005	0.000007
375.000000	1.615685	0.001987	0.000007
376.000000	1.617662	0.001968	0.000007
377.000000	1.619621	0.001949	0.000007
378.000000	1.621560	0.001929	0.000007
379.000000	1.623480	0.001910	0.000007
380.000000	1.625379	0.001890	0.000007
381.000000	1.627259	0.001870	0.000007
382.000000	1.629119	0.001850	0.000007
383.000000	1.630959	0.001829	0.000007
384.000000	1.632778	0.001809	0.000007
385.000000	1.634576	0.001788	0.000007
386.000000	1.636353	0.001767	0.000007
387.000000	1.638109	0.001745	0.000007
388.000000	1.639843	0.001724	0.000007
389.000000	1.641556	0.001702	0.000007
390.000000	1.643247	0.001680	0.000007
391.000000	1.644917	0.001658	0.000007
392.000000	1.646564	0.001636	0.000007
393.000000	1.648188	0.001613	0.000007
394.000000	1.649790	0.001591	0.000007
395.000000	1.651370	0.001568	0.000006
396.000000	1.652927	0.001545	0.000006
397.000000	1.654460	0.001522	0.000006
398.000000	1.655971	0.001499	0.000006
399.000000	1.657458	0.001475	0.000006
400.000000	1.658921	0.001452	0.000006
401.000000	1.660361	0.001428	0.000006
402.000000	1.661777	0.001404	0.000006
403.000000	1.663170	0.001380	0.000006
404.000000	1.664538	0.001356	0.000006
405.000000	1.665882	0.001332	0.000006
406.000000	1.667201	0.001307	0.000006
407.000000	1.668496	0.001283	0.000006
408.000000	1.669767	0.001258	0.000006
409.000000	1.671013	0.001233	0.000006
410.000000	1.672233	0.001208	0.000006
411.000000	1.673429	0.001183	0.000006
412.000000	1.674600	0.001158	0.000006
413.000000	1.675746	0.001133	0.000006
414.000000	1.676866	0.001108	0.000006
415.000000	1.677961	0.001082	0.000006
416.000000	1.679030	0.001056	0.000006
417.000000	1.680073	0.001031	0.000006
418.000000	1.681091	0.001005	0.000006
419.000000	1.682083	0.000979	0.000006
420.000000	1.683049	0.000953	0.000006
421.000000	1.683990	0.000927	0.000006
422.000000	1.684903	0.000901	0.000006
423.000000	1.685791	0.000875	0.000006
424.000000	1.686653	0.000848	0.000006
425.000000	1.687488	0.000822	0.000006
426.000000	1.688297	0.000795	0.000006
427.000000	1.689079	0.000769	0.000006
428.000000	1.689834	0.000742	0.000006
429.000000	1.690563	0.000716	0.000006
430.000000	1.691266	0.000689	0.000006
431.000000	1.691941	0.000662	0.000006
432.000000	1.692590	0.000635	0.000006
433.000000	1.693212	0.000608	0.000006
434.000000	1.693806	0.000581	0.000006
435.000000	1.694374	0.000554	0.000006
436.000000	1.694915	0.000527	0.000006
437.000000	1.695429	0.000500	0.000006
438.000000	1.695915	0.000473	0.000006
439.000000	1.696374	0.000446	0.000006
440.000000	1.696806	0.000418	0.000006
441.000000	1.697211	0.000391	0.000006
442.000000	1.697589	0.000364	0.000006
443.000000	1.697939	0.000336	0.000006
444.000000	1.698262	0.000309	0.000006
445.000000	1.698557	0.000282	0.000006
446.000000	1.698825	0.000254	0.000006
447.000000	1.699065	0.000227	0.000006
448.000000	1.699279	0.000199	0.000006
449.000000	1.699464	0.000172	0.000006
450.000000	1.699622	0.000144	0.000006
451.000000	1.699753	0.000117	0.000006
452.000000	1.699856	0.000089	0.000006
453.000000	1.699931	0.000062	0.000006
454.000000	1.699979	0.000034	0.000006
455.000000	1.699999	0.000007	0.000006
456.000000	1.699992	-0.000021	0.000006
457.000000	1.699957	-0.000049	0.000006
458.000000	1.699895	-0.000076	0.000006
459.000000	1.699805	-0.000104	0.000006
460.000000	1.699688	-0.000131	0.000006
461.000000	1.699543	-0.000159	0.000006
462.000000	1.699370	-0.000186	0.000006
463.000000	1.699170	-0.000214	0.000006
464.000000	1.698943	-0.000241	0.000006
465.000000	1.698688	-0.000269	0.000006
466.000000	1.698406	-0.000296	0.000006
467.000000	1.698096	-0.000323	0.000006
468.000000	1.697759	-0.000351	0.000006
469.000000	1.697395	-0.000378	0.000006
470.000000	1.697003	-0.000405	0.000006
471.000000	1.696584	-0.000433	0.000006
472.000000	1.696137	-0.000460	0.000006
473.000000	1.695664	-0.000487	0.000006
474.000000	1.695163	-0.000514	0.000006
475.000000	1.694635	-0.000541	0.000006
476.000000	1.694080	-0.000568	0.000006
477.000000	1.693498	-0.000595	0.000006
478.000000	1.692889	-0.000622	0.000006
479.000000	1.692254	-0.000649	0.000006
480.000000	1.691591	-0.000676	0.000006
481.000000	1.690901	-0.000703	0.000006
482.000000	1.690185	-0.000730	0.000006
483.000000	1.689442	-0.000756	0.000006
484.000000	1.688673	-0.000783	0.000006
485.000000	1.687876	-0.000809	0.000006
486.000000	1.687054	-0.000836	0.000006
487.000000	1.686205	-0.000862	0.000006
488.000000	1.685330	-0.000888	0.000006
489.000000	1.684428	-0.000915	0.000006
490.000000	1.683500	-0.000941	0.000006
491.000000	1.682547	-0.000967	0.000006
492.000000	1.681567	-0.000993	0.000006
493.000000	1.680561	-0.001018	0.000006
494.000000	1.679530	-0.001044	0.000006
495.000000	1.678473	-0.001070	0.000006
496.000000	1.677390	-0.001095	0.000006
497.000000	1.676282	-0.001121	0.000006
498.000000	1.675149	-0.001146	0.000006
499.000000	1.673990	-0.001171	0.000006
500.000000	1.672806	-0.001196	0.000006
501.000000	1.671597	-0.001221	0.000006
502.000000	1.670363	-0.001246	0.000006
503.000000	1.669105	-0.001271	0.000006
504.000000	1.667821	-0.001296	0.000006
505.000000	1.666513	-0.001320	0.000006
506.000000	1.665181	-0.001345	0.000006
507.000000	1.663824	-0.001369	0.000006
508.000000	1.662444	-0.001393	0.000006
509.000000	1.661039	-0.001417	0.000006
510.000000	1.659610	-0.001441	0.000006
511.000000	1.658158	-0.001464	0.000006
512.000000	1.656682	-0.001488	0.000006
513.000000	1.655183	-0.001511	0.000006
514.000000	1.653660	-0.001534	0.000006
515.000000	1.652114	-0.001557	0.000006
516.000000	1.650546	-0.001580	0.000006
517.000000	1.648954	-0.001603	0.000007
518.000000	1.647340	-0.001625	0.000007
519.000000	1.645704	-0.001648	0.000007
520.000000	1.644045	-0.001670	0.000007
521.000000	1.642365	-0.001692	0.000007
522.000000	1.640662	-0.001713	0.000007
523.000000	1.638938	-0.001735	0.000007
524.000000	1.637192	-0.001756	0.000007
525.000000	1.635425	-0.001778	0.000007
526.000000	1.633637	-0.001799	0.000007
527.000000	1.631828	-0.001819	0.000007
528.000000	1.629998	-0.001840	0.000007
529.000000	1.628148	-0.001860	0.000007
530.000000	1.626277	-0.001880	0.000007
531.000000	1.624387	-0.001900	0.000007
532.000000	1.622477	-0.001920	0.000007
533.000000	1.620547	-0.001940	0.000007
534.000000	1.618598	-0.001959	0.000007
535.000000	1.616629	-0.001978	0.000007
536.000000	1.614642	-0.001997	0.000007
537.000000	1.612636	-0.002015	0.000007
538.000000	1.610612	-0.002033	0.000007
539.000000	1.608570	-0.002051	0.000007
540.000000	1.606510	-0.002069	0.000007
541.000000	1.604432	-0.002086	0.000007
542.000000	1.602337	-0.002104	0.000008
543.000000	1.600225	-0.002121	0.000008
544.000000	1.598096	-0.002137	0.000008
545.000000	1.595950	-0.002154	0.000008
546.000000	1.593789	-0.002170	0.000008
547.000000	1.591611	-0.002185	0.000008
548.000000	1.589418	-0.002201	0.000008
549.000000	1.587209	-0.002216	0.000008
550.000000	1.584986	-0.002231	0.000008
551.000000	1.582747	-0.002246	0.000008
552.000000	1.580495	-0.002260	0.000008
553.000000	1.578228	-0.002274	0.000008
554.000000	1.575947	-0.002287	0.000008
555.000000	1.573653	-0.002301	0.000008
556.000000	1.571346	-0.002314	0.000008
557.000000	1.569026	-0.002326	0.000008
558.000000	1.566694	-0.002338	0.000008
559.000000	1.564350	-0.002350	0.000008
560.000000	1.561994	-0.002362	0.000009
561.000000	1.559626	-0.002373	0.000009
562.000000	1.557248	-0.002384	0.000009
563.000000	1.554859	-0.002394	0.000009
564.000000	1.552460	-0.002404	0.000009
565.000000	1.550051	-0.002414	0.000009
566.000000	1.547632	-0.002423	0.000009
567.000000	1.545204	-0.002432	0.000009
568.000000	1.542768	-0.002441	0.000009
569.000000	1.540324	-0.002449	0.000009
570.000000	1.537871	-0.002456	0.000009
571.000000	1.535411	-0.002464	0.000009
572.000000	1.532944	-0.002470	0.000009
573.000000	1.530470	-0.002477	0.000009
574.000000	1.527990	-0.002483	0.000010
575.000000	1.525505	-0.002488	0.000010
576.000000	1.523014	-0.002493	0.000010
577.000000	1.520518	-0.002498	0.000010
578.000000	1.518018	-0.002502	0.000010
579.000000	1.515513	-0.002506	0.000010
580.000000	1.513006	-0.002509	0.000010
581.000000	1.510495	-0.002512	0.000010
582.000000	1.507981	-0.002515	0.000010
583.000000	1.505466	-0.002516	0.000010
584.000000	1.502949	-0.002518	0.000010
585.000000	1.500431	-0.002519	0.000010
586.000000	1.497912	-0.002519	0.000011
587.000000	1.495393	-0.002519	0.000011
588.000000	1.492874	-0.002518	0.000011
589.000000	1.490356	-0.002517	0.000011
590.000000	1.487840	-0.002516	0.000011
591.000000	1.485325	-0.002513	0.000011
592.000000	1.482813	-0.002511	0.000011
593.000000	1.480304	-0.002508	0.000011
594.000000	1.477798	-0.002504	0.000011
595.000000	1.475296	-0.002500	0.000011
596.000000	1.472799	-0.002495	0.000011
597.000000	1.470307	-0.002489	0.000012
598.000000	1.467820	-0.002483	0.000012
599.000000	1.465340	-0.002477	0.000012
600.000000	1.462866	-0.002470	0.000012
601.000000	1.460400	-0.002462	0.000012
602.000000	1.457942	-0.002454	0.000012
603.000000	1.455492	-0.002445	0.000012
604.000000	1.453051	-0.002436	0.000012
605.000000	1.450620	-0.002426	0.000012
606.000000	1.448199	-0.002416	0.000012
607.000000	1.445788	-0.002405	0.000013
608.000000	1.443389	-0.002393	0.000013
609.000000	1.441002	-0.002381	0.000013
610.000000	1.438628	-0.002368	0.000013
611.000000	1.436266	-0.002355	0.000013
612.000000	1.433919	-0.002341	0.000013
613.000000	1.431585	-0.002326	0.000013
614.000000	1.429267	-0.002311	0.000013
615.000000	1.426964	-0.002295	0.000013
616.000000	1.424677	-0.002279	0.000014
617.000000	1.422407	-0.002262	0.000014
618.000000	1.420154	-0.002244	0.000014
619.000000	1.417920	-0.002226	0.000014
620.000000	1.415703	-0.002207	0.000014
621.000000	1.413506	-0.002187	0.000014
622.000000	1.411329	-0.002167	0.000014
623.000000	1.409172	-0.002147	0.000014
624.000000	1.407036	-0.002125	0.000014
625.000000	1.404922	-0.002103	0.000015
626.000000	1.402829	-0.002081	0.000015
627.000000	1.400760	-0.002058	0.000015
628.000000	1.398714	-0.002034	0.000015
629.000000	1.396692	-0.002010	0.000015
630.000000	1.394695	-0.001985	0.000015
631.000000	1.392723	-0.001959	0.000015
632.000000	1.390776	-0.001933	0.000015
633.000000	1.388856	-0.001907	0.000015
634.000000	1.386964	-0.001879	0.000015
635.000000	1.385098	-0.001851	0.000016
636.000000	1.383261	-0.001823	0.000016
637.000000	1.381452	-0.001794	0.000016
638.000000	1.379673	-0.001764	0.000016
639.000000	1.377924	-0.001734	0.000016
640.000000	1.376205	-0.001704	0.000016
641.000000	1.374517	-0.001672	0.000016
642.000000	1.372860	-0.001641	0.000016
643.000000	1.371236	-0.001608	0.000016
644.000000	1.369644	-0.001575	0.000016
645.000000	1.368086	-0.001542	0.000017
646.000000	1.366561	-0.001508	0.000017
647.000000	1.365070	-0.001474	0.000017
648.000000	1.363613	-0.001439	0.000017
649.000000	1.362192	-0.001403	0.000017
650.000000	1.360807	-0.001367	0.000017
651.000000	1.359458	-0.001331	0.000017
652.000000	1.358145	-0.001294	0.000017
653.000000	1.356869	-0.001257	0.000017
654.000000	1.355631	-0.001219	0.000017
655.000000	1.354431	-0.001181	0.000017
656.000000	1.353269	-0.001143	0.000018
657.000000	1.352145	-0.001104	0.000018
658.000000	1.351061	-0.001064	0.000018
659.000000	1.350017	-0.001025	0.000018
660.000000	1.349012	-0.000985	0.000018
661.000000	1.348048	-0.000944	0.000018
662.000000	1.347124	-0.000903	0.000018
663.000000	1.346241	-0.000862	0.000018
664.000000	1.345400	-0.000821	0.000018
665.000000	1.344600	-0.000779	0.000018
666.000000	1.343842	-0.000737	0.000018
667.000000	1.343126	-0.000695	0.000018
668.000000	1.342453	-0.000652	0.000018
669.000000	1.341822	-0.000609	0.000018
670.000000	1.341234	-0.000566	0.000018
671.000000	1.340689	-0.000523	0.000018
672.000000	1.340188	-0.000480	0.000018
673.000000	1.339730	-0.000436	0.000018
674.000000	1.339316	-0.000392	0.000018
675.000000	1.338946	-0.000348	0.000018
676.000000	1.338619	-0.000304	0.000018
677.000000	1.338337	-0.000260	0.000019
678.000000	1.338099	-0.000216	0.000019
679.000000	1.337905	-0.000172	0.000019
680.000000	1.337756	-0.000127	0.000019
681.000000	1.337651	-0.000083	0.000019
682.000000	1.337591	-0.000038	0.000019
683.000000	1.337575	0.000006	0.000019
684.000000	1.337603	0.000051	0.000019
685.000000	1.337677	0.000095	0.000019
686.000000	1.337794	0.000140	0.000019
687.000000	1.337956	0.000184	0.000019
688.000000	1.338162	0.000229	0.000019
689.000000	1.338413	0.000273	0.000019
690.000000	1.338708	0.000317	0.000018
691.000000	1.339047	0.000361	0.000018
692.000000	1.339430	0.000405	0.000018
693.000000	1.339856	0.000449	0.000018
694.000000	1.340327	0.000492	0.000018
695.000000	1.340840	0.000535	0.000018
696.000000	1.341397	0.000579	0.000018
697.000000	1.341998	0.000622	0.000018
698.000000	1.342641	0.000664	0.000018
699.000000	1.343326	0.000707	0.000018
700.000000	1.344054	0.000749	0.000018
701.000000	1.344824	0.000791	0.000018
702.000000	1.345636	0.000833	0.000018
703.000000	1.346489	0.000874	0.000018
704.000000	1.347384	0.000915	0.000018
705.000000	1.348319	0.000956	0.000018
706.000000	1.349295	0.000996	0.000018
707.000000	1.350311	0.001036	0.000018
708.000000	1.351367	0.001076	0.000018
709.000000	1.352462	0.001115	0.000018
710.000000	1.353596	0.001154	0.000017
711.000000	1.354769	0.001192	0.000017
712.000000	1.355981	0.001230	0.000017
713.000000	1.357230	0.001268	0.000017
714.000000	1.358516	0.001305	0.000017
715.000000	1.359839	0.001342	0.000017
716.000000	1.361199	0.001378	0.000017
717.000000	1.362594	0.001413	0.000017
718.000000	1.364026	0.001449	0.000017
719.000000	1.365492	0.001484	0.000017
720.000000	1.366993	0.001518	0.000017
721.000000	1.368527	0.001552	0.000017
722.000000	1.370095	0.001585	0.000016
723.000000	1.371697	0.001617	0.000016
724.000000	1.373330	0.001650	0.000016
725.000000	1.374996	0.001681	0.000016
726.000000	1.376693	0.001712	0.000016
727.000000	1.378420	0.001743	0.000016
728.000000	1.380178	0.001773	0.000016
729.000000	1.381966	0.001802	0.000016
730.000000	1.383783	0.001831	0.000016
731.000000	1.385628	0.001859	0.000016
732.000000	1.387501	0.001887	0.000015
733.000000	1.389402	0.001914	0.000015
734.000000	1.391329	0.001941	0.000015
735.000000	1.393283	0.001967	0.000015
736.000000	1.395263	0.001992	0.000015
737.000000	1.397267	0.002017	0.000015
738.000000	1.399296	0.002041	0.000015
739.000000	1.401349	0.002064	0.000015
740.000000	1.403424	0.002087	0.000015
741.000000	1.405523	0.002110	0.000014
742.000000	1.407644	0.002131	0.000014
743.000000	1.409786	0.002153	0.000014
744.000000	1.411948	0.002173	0.000014
745.000000	1.414131	0.002193	0.000014
746.000000	1.416334	0.002212	0.000014
747.000000	1.418556	0.002231	0.000014
748.000000	1.420796	0.002249	0.000014
749.000000	1.423053	0.002266	0.000014
750.000000	1.425328	0.002283	0.000014
751.000000	1.427620	0.002300	0.000013
752.000000	1.429927	0.002315	0.000013
753.000000	1.432250	0.002330	0.000013
754.000000	1.434588	0.002345	0.000013
755.000000	1.436939	0.002359	0.000013
756.000000	1.439304	0.002372	0.000013
757.000000	1.441683	0.002384	0.000013
758.000000	1.444073	0.002397	0.000013
759.000000	1.446475	0.002408	0.000013
760.000000	1.448889	0.002419	0.000012
761.000000	1.451313	0.002429	0.000012
762.000000	1.453747	0.002439	0.000012
763.000000	1.456191	0.002448	0.000012
764.000000	1.458643	0.002457	0.000012
765.000000	1.461104	0.002465	0.000012
766.000000	1.463572	0.002472	0.000012
767.000000	1.466047	0.002479	0.000012
768.000000	1.468530	0.002485	0.000012
769.000000	1.471018	0.002491	0.000012
770.000000	1.473511	0.002496	0.000011
771.000000	1.476010	0.002501	0.000011
772.000000	1.478513	0.002505	0.000011
773.000000	1.481020	0.002509	0.000011
774.000000	1.483530	0.002512	0.000011
775.000000	1.486043	0.002514	0.000011
776.000000	1.488558	0.002516	0.000011
777.000000	1.491075	0.002518	0.000011
778.000000	1.493593	0.002519	0.000011
779.000000	1.496112	0.002519	0.000011
780.000000	1.498631	0.002519	0.000011
781.000000	1.501150	0.002518	0.000010
782.000000	1.503668	0.002517	0.000010
783.000000	1.506184	0.002516	0.000010
784.000000	1.508699	0.002514	0.000010
785.000000	1.511212	0.002511	0.000010
786.000000	1.513722	0.002508	0.000010
787.000000	1.516229	0.002505	0.000010
788.000000	1.518732	0.002501	0.000010
789.000000	1.521231	0.002497	0.000010
790.000000	1.523726	0.002492	0.000010
791.000000	1.526215	0.002487	0.000010
792.000000	1.528699	0.002481	0.000010
793.000000	1.531177	0.002475	0.000009
794.000000	1.533649	0.002469	0.000009
795.000000	1.536114	0.002462	0.000009
796.000000	1.538572	0.002454	0.000009
797.000000	1.541022	0.002446	0.000009
798.000000	1.543465	0.002438	0.000009
799.000000	1.545899	0.002430	0.000009
800.000000	1.548324	0.002421	0.000009
801.000000	1.550740	0.002411	0.000009
802.000000	1.553146	0.002401	0.000009
803.000000	1.555542	0.002391	0.000009
804.000000	1.557928	0.002381	0.000009
805.000000	1.560303	0.002370	0.000009
806.000000	1.562668	0.002359	0.000009
807.000000	1.565020	0.002347	0.000008
808.000000	1.567361	0.002335	0.000008
809.000000	1.569690	0.002323	0.000008
810.000000	1.572006	0.002310	0.000008
811.000000	1.574310	0.002297	0.000008
812.000000	1.576600	0.002283	0.000008
813.000000	1.578877	0.002270	0.000008
814.000000	1.581139	0.002256	0.000008
815.000000	1.583388	0.002241	0.000008
816.000000	1.585622	0.002227	0.000008
817.000000	1.587841	0.002212	0.000008
818.000000	1.590046	0.002197	0.000008
819.000000	1.592234	0.002181	0.000008
820.000000	1.594407	0.002165	0.000008
821.000000	1.596565	0.002149	0.000008
822.000000	1.598705	0.002133	0.000008
823.000000	1.600829	0.002116	0.000008
824.000000	1.602937	0.002099	0.000008
825.000000	1.605027	0.002082	0.000007
826.000000	1.607100	0.002064	0.000007
827.000000	1.609155	0.002046	0.000007
828.000000	1.611192	0.002028	0.000007
829.000000	1.613211	0.002010	0.000007
830.000000	1.615211	0.001991	0.000007
831.000000	1.617193	0.001972	0.000007
832.000000	1.619156	0.001953	0.000007
833.000000	1.621100	0.001934	0.000007
834.000000	1.623024	0.001914	0.000007
835.000000	1.624929	0.001895	0.000007
836.000000	1.626814	0.001875	0.000007
837.000000	1.628678	0.001855	0.000007
838.000000	1.630523	0.001834	0.000007
839.000000	1.632346	0.001813	0.000007
840.000000	1.634149	0.001793	0.000007
841.000000	1.635932	0.001772	0.000007
842.000000	1.637693	0.001750	0.000007
843.000000	1.639432	0.001729	0.000007
844.000000	1.641150	0.001707	0.000007
845.000000	1.642847	0.001685	0.000007
846.000000	1.644521	0.001663	0.000007
847.000000	1.646173	0.001641	0.000007
848.000000	1.647803	0.001619	0.000007
849.000000	1.649411	0.001596	0.000007
850.000000	1.650996	0.001574	0.000006
851.000000	1.652558	0.001551	0.000006
852.000000	1.654097	0.001528	0.000006
853.000000	1.655613	0.001504	0.000006
854.000000	1.657106	0.001481	0.000006
855.000000	1.658575	0.001457	0.000006
856.000000	1.660020	0.001434	0.000006
857.000000	1.661442	0.001410	0.000006
858.000000	1.662840	0.001386	0.000006
859.000000	1.664214	0.001362	0.000006
860.000000	1.665564	0.001338	0.000006
861.000000	1.666889	0.001313	0.000006
862.000000	1.668190	0.001289	0.000006
863.000000	1.669466	0.001264	0.000006
864.000000	1.670718	0.001239	0.000006
865.000000	1.671945	0.001214	0.000006
866.000000	1.673147	0.001189	0.000006
867.000000	1.674323	0.001164	0.000006
868.000000	1.675475	0.001139	0.000006
869.000000	1.676601	0.001114	0.000006
870.000000	1.677702	0.001088	0.000006
871.000000	1.678777	0.001063	0.000006
872.000000	1.679827	0.001037	0.000006
873.000000	1.680851	0.001011	0.000006
874.000000	1.681849	0.000985	0.000006
875.000000	1.682822	0.000959	0.000006
876.000000	1.683768	0.000933	0.000006
877.000000	1.684688	0.000907	0.000006
878.000000	1.685582	0.000881	0.000006
879.000000	1.686450	0.000855	0.000006
880.000000	1.687291	0.000828	0.000006
881.000000	1.688106	0.000802	0.000006
882.000000	1.688895	0.000775	0.000006
883.000000	1.689657	0.000749	0.000006
884.000000	1.690392	0.000722	0.000006
885.000000	1.691101	0.000695	0.000006
886.000000	1.691783	0.000668	0.000006
887.000000	1.692438	0.000642	0.000006
888.000000	1.693066	0.000615	0.000006
889.000000	1.693667	0.000588	0.000006
890.000000	1.694241	0.000561	0.000006
891.000000	1.694789	0.000534	0.000006
892.000000	1.695309	0.000507	0.000006
893.000000	1.695802	0.000479	0.000006
894.000000	1.696268	0.000452	0.000006
895.000000	1.696706	0.000425	0.000006
896.000000	1.697117	0.000398	0.000006
897.000000	1.697501	0.000370	0.000006
898.000000	1.697858	0.000343	0.000006
899.000000	1.698187	0.000316	0.000006
900.000000	1.698489	0.000288	0.000006
901.000000	1.698764	0.000261	0.000006
902.000000	1.699011	0.000233	0.000006
903.000000	1.699230	0.000206	0.000006
904.000000	1.699422	0.000178	0.000006
905.000000	1.699587	0.000151	0.000006
906.000000	1.699724	0.000123	0.000006
907.000000	1.699834	0.000096	0.000006
908.000000	1.699916	0.000068	0.000006
909.000000	1.699970	0.000041	0.000006
910.000000	1.699997	0.000013	0.000006
911.000000	1.699996	-0.000014	0.000006
912.000000	1.699968	-0.000042	0.000006
913.000000	1.699912	-0.000070	0.000006
914.000000	1.699829	-0.000097	0.000006
915.000000	1.699718	-0.000125	0.000006
916.000000	1.699580	-0.000152	0.000006
917.000000	1.699414	-0.000180	0.000006
918.000000	1.699220	-0.000207	0.000006
919.000000	1.699000	-0.000235	0.000006
920.000000	1.698751	-0.000262	0.000006
921.000000	1.698476	-0.000289	0.000006
922.000000	1.698172	-0.000317	0.000006
923.000000	1.697842	-0.000344	0.000006
924.000000	1.697484	-0.000372	0.000006
925.000000	1.697099	-0.000399	0.000006
926.000000	1.696686	-0.000426	0.000006
927.000000	1.696246	-0.000453	0.000006
928.000000	1.695779	-0.000481	0.000006
929.000000	1.695285	-0.000508	0.000006
930.000000	1.694763	-0.000535	0.000006
931.000000	1.694215	-0.000562	0.000006
932.000000	1.693639	-0.000589	0.000006
933.000000	1.693037	-0.000616	0.000006
934.000000	1.692407	-0.000643	0.000006
935.000000	1.691751	-0.000670	0.000006
936.000000	1.691068	-0.000697	0.000006
937.000000	1.690358	-0.000723	0.000006
938.000000	1.689621	-0.000750	0.000006
939.000000	1.688858	-0.000777	0.000006
940.000000	1.688068	-0.000803	0.000006
941.000000	1.687252	-0.000829	0.000006
942.000000	1.686409	-0.000856	0.000006
943.000000	1.685540	-0.000882	0.000006
944.000000	1.684645	-0.000908	0.000006
945.000000	1.683724	-0.000934	0.000006
946.000000	1.682776	-0.000961	0.000006
947.000000	1.681803	-0.000986	0.000006
948.000000	1.680803	-0.001012	0.000006
949.000000	1.679778	-0.001038	0.000006
950.000000	1.678727	-0.001064	0.000006
951.000000	1.677651	-0.001089	0.000006
952.000000	1.676549	-0.001115	0.000006
953.000000	1.675421	-0.001140	0.000006
954.000000	1.674268	-0.001165	0.000006
955.000000	1.673090	-0.001190	0.000006
956.000000	1.671887	-0.001216	0.000006
957.000000	1.670659	-0.001240	0.000006
958.000000	1.669407	-0.001265	0.000006
959.000000	1.668129	-0.001290	0.000006
960.000000	1.666827	-0.001314	0.000006
961.000000	1.665500	-0.001339	0.000006
962.000000	1.664150	-0.001363	0.000006
963.000000	1.662775	-0.001387	0.000006
964.000000	1.661376	-0.001411	0.000006
965.000000	1.659953	-0.001435	0.000006
966.000000	1.658506	-0.001459	0.000006
967.000000	1.657035	-0.001482	0.000006
968.000000	1.655542	-0.001505	0.000006
969.000000	1.654025	-0.001529	0.000006
970.000000	1.652484	-0.001552	0.000006
971.000000	1.650921	-0.001575	0.000006
972.000000	1.649335	-0.001597	0.000007
973.000000	1.647727	-0.001620	0.000007
974.000000	1.646096	-0.001642	0.000007
975.000000	1.644442	-0.001664	0.000007
976.000000	1.642767	-0.001686	0.000007
977.000000	1.641069	-0.001708	0.000007
978.000000	1.639350	-0.001730	0.000007
979.000000	1.637610	-0.001751	0.000007
980.000000	1.635848	-0.001773	0.000007
981.000000	1.634065	-0.001794	0.000007
982.000000	1.632260	-0.001814	0.000007
983.000000	1.630436	-0.001835	0.000007
984.000000	1.628590	-0.001856	0.000007
985.000000	1.626725	-0.001876	0.000007
986.000000	1.624839	-0.001896	0.000007
987.000000	1.622933	-0.001915	0.000007
988.000000	1.621008	-0.001935	0.000007
989.000000	1.619064	-0.001954	0.000007
990.000000	1.617100	-0.001973	0.000007
991.000000	1.615117	-0.001992	0.000007
992.000000	1.613116	-0.002011	0.000007
993.000000	1.611096	-0.002029	0.000007
994.000000	1.609058	-0.002047	0.000007
995.000000	1.607002	-0.002065	0.000007
996.000000	1.604928	-0.002082	0.000007
997.000000	1.602837	-0.002100	0.000008
998.000000	1.600729	-0.002117	0.000008
999.000000	1.598604	-0.002133	0.000008
1000.000000	1.596463	-0.002150	0.000008
1001.000000	1.594305	-0.002166	0.000008
1002.000000	1.592131	-0.002182	0.000008
1003.000000	1.589942	-0.002197	0.000008
1004.000000	1.587737	-0.002213	0.000008
1005.000000	1.585517	-0.002227	0.000008
1006.000000	1.583282	-0.002242	0.000008
1007.000000	1.581033	-0.002256	0.000008
1008.000000	1.578769	-0.002270	0.000008
1009.000000	1.576492	-0.002284	0.000008
1010.000000	1.574201	-0.002297	0.000008
1011.000000	1.571897	-0.002310	0.000008
1012.000000	1.569580	-0.002323	0.000008
1013.000000	1.567251	-0.002335	0.000008
1014.000000	1.564909	-0.002347	0.000008
1015.000000	1.562556	-0.002359	0.000009
1016.000000	1.560191	-0.002370	0.000009
1017.000000	1.557815	-0.002381	0.000009
1018.000000	1.555429	-0.002392	0.000009
1019.000000	1.553032	-0.002402	0.000009
1020.000000	1.550625	-0.002412	0.000009
1021.000000	1.548209	-0.002421	0.000009
1022.000000	1.545783	-0.002430	0.000009
1023.000000	1.543349	-0.002439	0.000009
1024.000000	1.540906	-0.002447	0.000009
1025.000000	1.538456	-0.002455	0.000009
1026.000000	1.535998	-0.002462	0.000009
1027.000000	1.533532	-0.002469	0.000009
1028.000000	1.531060	-0.002475	0.000009
1029.000000	1.528582	-0.002481	0.000010
1030.000000	1.526097	-0.002487	0.000010
1031.000000	1.523608	-0.002492	0.000010
1032.000000	1.521113	-0.002497	0.000010
1033.000000	1.518614	-0.002501	0.000010
1034.000000	1.516110	-0.002505	0.000010
1035.000000	1.513603	-0.002509	0.000010
1036.000000	1.511093	-0.002512	0.000010
1037.000000	1.508580	-0.002514	0.000010
1038.000000	1.506065	-0.002516	0.000010
1039.000000	1.503548	-0.002517	0.000010
1040.000000	1.501030	-0.002519	0.000010
1041.000000	1.498512	-0.002519	0.000011
1042.000000	1.495993	-0.002519	0.000011
1043.000000	1.493474	-0.002519	0.000011
1044.000000	1.490956	-0.002518	0.000011
1045.000000	1.488439	-0.002516	0.000011
1046.000000	1.485924	-0.002514	0.000011
1047.000000	1.483411	-0.002511	0.000011
1048.000000	1.480901	-0.002508	0.000011
1049.000000	1.478394	-0.002505	0.000011
1050.000000	1.475892	-0.002501	0.000011
1051.000000	1.473393	-0.002496	0.000011
1052.000000	1.470900	-0.002491	0.000012
1053.000000	1.468412	-0.002485	0.000012
1054.000000	1.465930	-0.002479	0.000012
1055.000000	1.463455	-0.002472	0.000012
1056.000000	1.460987	-0.002464	0.000012
1057.000000	1.458527	-0.002456	0.000012
1058.000000	1.456075	-0.002448	0.000012
1059.000000	1.453632	-0.002438	0.000012
1060.000000	1.451198	-0.002429	0.000012
1061.000000	1.448774	-0.002418	0.000012
1062.000000	1.446361	-0.002407	0.000013
1063.000000	1.443960	-0.002396	0.000013
1064.000000	1.441570	-0.002384	0.000013
1065.000000	1.439192	-0.002371	0.000013
1066.000000	1.436828	-0.002358	0.000013
1067.000000	1.434477	-0.002344	0.000013
1068.000000	1.432140	-0.002330	0.000013
1069.000000	1.429818	-0.002314	0.000013
1070.000000	1.427511	-0.002299	0.000013
1071.000000	1.425220	-0.002283	0.000014
1072.000000	1.422946	-0.002266	0.000014
1073.000000	1.420689	-0.002248	0.000014
1074.000000	1.418450	-0.002230	0.000014
1075.000000	1.416229	-0.002211	0.000014
1076.000000	1.414028	-0.002192	0.000014
1077.000000	1.411846	-0.002172	0.000014
1078.000000	1.409684	-0.002152	0.000014
1079.000000	1.407543	-0.002130	0.000014
1080.000000	1.405423	-0.002109	0.000015
1081.000000	1.403326	-0.002086	0.000015
1082.000000	1.401251	-0.002063	0.000015
1083.000000	1.399199	-0.002040	0.000015
1084.000000	1.397172	-0.002016	0.000015
1085.000000	1.395168	-0.001991	0.000015
1086.000000	1.393190	-0.001965	0.000015
1087.000000	1.391238	-0.001939	0.000015
1088.000000	1.389311	-0.001913	0.000015
1089.000000	1.387412	-0.001886	0.000015
1090.000000	1.385540	-0.001858	0.000016
1091.000000	1.383696	-0.001830	0.000016
1092.000000	1.381881	-0.001801	0.000016
1093.000000	1.380094	-0.001771	0.000016
1094.000000	1.378338	-0.001741	0.000016
1095.000000	1.376611	-0.001711	0.000016
1096.000000	1.374916	-0.001680	0.000016
1097.000000	1.373252	-0.001648	0.000016
1098.000000	1.371620	-0.001616	0.000016
1099.000000	1.370020	-0.001583	0.000016
1100.000000	1.368454	-0.001550	0.000017
1101.000000	1.366921	-0.001516	0.000017
1102.000000	1.365422	-0.001482	0.000017
1103.000000	1.363957	-0.001447	0.000017
1104.000000	1.362528	-0.001412	0.000017
1105.000000	1.361134	-0.001376	0.000017
1106.000000	1.359776	-0.001340	0.000017
1107.000000	1.358454	-0.001303	0.000017
1108.000000	1.357170	-0.001266	0.000017
1109.000000	1.355922	-0.001228	0.000017
1110.000000	1.354713	-0.001190	0.000017
1111.000000	1.353542	-0.001152	0.000018
1112.000000	1.352409	-0.001113	0.000018
1113.000000	1.351316	-0.001074	0.000018
1114.000000	1.350262	-0.001034	0.000018
1115.000000	1.349248	-0.000994	0.000018
1116.000000	1.348274	-0.000954	0.000018
1117.000000	1.347340	-0.000913	0.000018
1118.000000	1.346448	-0.000872	0.000018
1119.000000	1.345596	-0.000831	0.000018
1120.000000	1.344787	-0.000789	0.000018
1121.000000	1.344019	-0.000747	0.000018
1122.000000	1.343293	-0.000705	0.000018
1123.000000	1.342609	-0.000662	0.000018
1124.000000	1.341968	-0.000620	0.000018
1125.000000	1.341370	-0.000577	0.000018
1126.000000	1.340815	-0.000533	0.000018
1127.000000	1.340303	-0.000490	0.000018
1128.000000	1.339835	-0.000446	0.000018
1129.000000	1.339411	-0.000403	0.000018
1130.000000	1.339030	-0.000359	0.000018
1131.000000	1.338693	-0.000315	0.000018
1132.000000	1.338400	-0.000271	0.000019
1133.000000	1.338152	-0.000226	0.000019
1134.000000	1.337947	-0.000182	0.000019
1135.000000	1.337788	-0.000138	0.000019
1136.000000	1.337672	-0.000093	0.000019
1137.000000	1.337601	-0.000049	0.000019
1138.000000	1.337575	-0.000004	0.000019
1139.000000	1.337593	0.000040	0.000019
1140.000000	1.337655	0.000085	0.000019
1141.000000	1.337762	0.000129	0.000019
1142.000000	1.337913	0.000174	0.000019
1143.000000	1.338109	0.000218	0.000019
1144.000000	1.338349	0.000262	0.000019
1145.000000	1.338634	0.000306	0.000018
1146.000000	1.338962	0.000350	0.000018
1147.000000	1.339335	0.000394	0.000018
1148.000000	1.339751	0.000438	0.000018
1149.000000	1.340211	0.000482	0.000018
1150.000000	1.340714	0.000525	0.000018
1151.000000	1.341261	0.000568	0.000018
1152.000000	1.341851	0.000611	0.000018
1153.000000	1.342484	0.000654	0.000018
1154.000000	1.343159	0.000697	0.000018
1155.000000	1.343877	0.000739	0.000018
1156.000000	1.344637	0.000781	0.000018
1157.000000	1.345439	0.000823	0.000018
1158.000000	1.346282	0.000864	0.000018
1159.000000	1.347167	0.000905	0.000018
1160.000000	1.348093	0.000946	0.000018
1161.000000	1.349059	0.000986	0.000018
1162.000000	1.350065	0.001027	0.000018
1163.000000	1.351112	0.001066	0.000018
1164.000000	1.352198	0.001106	0.000018
1165.000000	1.353323	0.001145	0.000018
1166.000000	1.354487	0.001183	0.000017
1167.000000	1.355689	0.001221	0.000017
1168.000000	1.356929	0.001259	0.000017
1169.000000	1.358206	0.001296	0.000017
1170.000000	1.359521	0.001333	0.000017
1171.000000	1.360872	0.001369	0.000017
1172.000000	1.362259	0.001405	0.000017
1173.000000	1.363682	0.001440	0.000017
1174.000000	1.365139	0.001475	0.000017
1175.000000	1.366632	0.001510	0.000017
1176.000000	1.368159	0.001544	0.000017
1177.000000	1.369719	0.001577	0.000016
1178.000000	1.371312	0.001610	0.000016
1179.000000	1.372938	0.001642	0.000016
1180.000000	1.374596	0.001674	0.000016
1181.000000	1.376286	0.001705	0.000016
1182.000000	1.378006	0.001736	0.000016
1183.000000	1.379757	0.001766	0.000016
1184.000000	1.381537	0.001795	0.000016
1185.000000	1.383347	0.001824	0.000016
1186.000000	1.385186	0.001853	0.000016
1187.000000	1.387053	0.001881	0.000015
1188.000000	1.388947	0.001908	0.000015
1189.000000	1.390868	0.001934	0.000015
1190.000000	1.392816	0.001961	0.000015
1191.000000	1.394789	0.001986	0.000015
1192.000000	1.396787	0.002011	0.000015
1193.000000	1.398810	0.002035	0.000015
1194.000000	1.400857	0.002059	0.000015
1195.000000	1.402928	0.002082	0.000015
1196.000000	1.405021	0.002104	0.000015
1197.000000	1.407137	0.002126	0.000014
1198.000000	1.409274	0.002148	0.000014
1199.000000	1.411431	0.002168	0.000014
1200.000000	1.413610	0.002188	0.000014
1201.000000	1.415808	0.002208	0.000014
1202.000000	1.418025	0.002227	0.000014
1203.000000	1.420261	0.002245	0.000014
1204.000000	1.422514	0.002262	0.000014
1205.000000	1.424785	0.002279	0.000014
1206.000000	1.427073	0.002296	0.000013
1207.000000	1.429376	0.002312	0.000013
1208.000000	1.431695	0.002327	0.000013
1209.000000	1.434030	0.002341	0.000013
1210.000000	1.436378	0.002355	0.000013
1211.000000	1.438740	0.002369	0.000013
1212.000000	1.441115	0.002381	0.000013
1213.000000	1.443503	0.002394	0.000013
1214.000000	1.445902	0.002405	0.000013
1215.000000	1.448313	0.002416	0.000012
1216.000000	1.450735	0.002427	0.000012
1217.000000	1.453166	0.002437	0.000012
1218.000000	1.455608	0.002446	0.000012
1219.000000	1.458058	0.002455	0.000012
1220.000000	1.460517	0.002463	0.000012
1221.000000	1.462983	0.002470	0.000012
1222.000000	1.465457	0.002477	0.000012
1223.000000	1.467938	0.002484	0.000012
1224.000000	1.470425	0.002490	0.000012
1225.000000	1.472917	0.002495	0.000011
1226.000000	1.475414	0.002500	0.000011
1227.000000	1.477916	0.002504	0.000011
1228.000000	1.480422	0.002508	0.000011
1229.000000	1.482932	0.002511	0.000011
1230.000000	1.485444	0.002514	0.000011
1231.000000	1.487959	0.002516	0.000011
1232.000000	1.490475	0.002517	0.000011
1233.000000	1.492993	0.002518	0.000011
1234.000000	1.495512	0.002519	0.000011
1235.000000	1.498031	0.002519	0.000011
1236.000000	1.500550	0.002519	0.000010
1237.000000	1.503068	0.002518	0.000010
1238.000000	1.505585	0.002516	0.000010
1239.000000	1.508101	0.002514	0.000010
1240.000000	1.510614	0.002512	0.000010
1241.000000	1.513124	0.002509	0.000010
1242.000000	1.515632	0.002506	0.000010
1243.000000	1.518136	0.002502	0.000010
1244.000000	1.520636	0.002498	0.000010
1245.000000	1.523132	0.002493	0.000010
1246.000000	1.525623	0.002488	0.000010
1247.000000	1.528108	0.002483	0.000010
1248.000000	1.530588	0.002477	0.000009
1249.000000	1.533061	0.002470	0.000009
1250.000000	1.535528	0.002463	0.000009
1251.000000	1.537987	0.002456	0.000009
1252.000000	1.540439	0.002448	0.000009
1253.000000	1.542884	0.002440	0.000009
1254.000000	1.545320	0.002432	0.000009
1255.000000	1.547747	0.002423	0.000009
1256.000000	1.550165	0.002413	0.000009
1257.000000	1.552574	0.002404	0.000009
1258.000000	1.554972	0.002394	0.000009
1259.000000	1.557361	0.002383	0.000009
1260.000000	1.559739	0.002372	0.000009
1261.000000	1.562106	0.002361	0.000009
1262.000000	1.564461	0.002350	0.000008
1263.000000	1.566805	0.002338	0.000008
1264.000000	1.569137	0.002326	0.000008
1265.000000	1.571456	0.002313	0.000008
1266.000000	1.573762	0.002300	0.000008
1267.000000	1.576056	0.002287	0.000008
1268.000000	1.578336	0.002273	0.000008
1269.000000	1.580602	0.002259	0.000008
1270.000000	1.582854	0.002245	0.000008
1271.000000	1.585091	0.002230	0.000008
1272.000000	1.587314	0.002215	0.000008
1273.000000	1.589522	0.002200	0.000008
1274.000000	1.591715	0.002185	0.000008
1275.000000	1.593891	0.002169	0.000008
1276.000000	1.596052	0.002153	0.000008
1277.000000	1.598197	0.002136	0.000008
1278.000000	1.600325	0.002120	0.000008
1279.000000	1.602436	0.002103	0.000008
1280.000000	1.604531	0.002086	0.000007
1281.000000	1.606608	0.002068	0.000007
1282.000000	1.608667	0.002050	0.000007
1283.000000	1.610708	0.002032	0.000007
1284.000000	1.612732	0.002014	0.000007
1285.000000	1.614737	0.001996	0.000007
1286.000000	1.616723	0.001977	0.000007
1287.000000	1.618690	0.001958	0.000007
1288.000000	1.620639	0.001939	0.000007
1289.000000	1.622568	0.001919	0.000007
1290.000000	1.624477	0.001899	0.000007
1291.000000	1.626366	0.001880	0.000007
1292.000000	1.628236	0.001859	0.000007
1293.000000	1.630085	0.001839	0.000007
1294.000000	1.631914	0.001818	0.000007
1295.000000	1.633722	0.001798	0.000007
1296.000000	1.635509	0.001777	0.000007
1297.000000	1.637275	0.001755	0.000007
1298.000000	1.639020	0.001734	0.000007
1299.000000	1.640743	0.001712	0.000007
1300.000000	1.642445	0.001691	0.000007
1301.000000	1.644124	0.001669	0.000007
1302.000000	1.645782	0.001646	0.000007
1303.000000	1.647417	0.001624	0.000007
1304.000000	1.649030	0.001602	0.000007
1305.000000	1.650620	0.001579	0.000006
1306.000000	1.652188	0.001556	0.000006
1307.000000	1.653733	0.001533	0.000006
1308.000000	1.655254	0.001510	0.000006
1309.000000	1.656752	0.001487	0.000006
1310.000000	1.658227	0.001463	0.000006
1311.000000	1.659678	0.001439	0.000006
1312.000000	1.661106	0.001416	0.000006
1313.000000	1.662509	0.001392	0.000006
1314.000000	1.663889	0.001368	0.000006
1315.000000	1.665245	0.001343	0.000006
1316.000000	1.666576	0.001319	0.000006
1317.000000	1.667883	0.001295	0.000006
1318.000000	1.669165	0.001270	0.000006
1319.000000	1.670422	0.001245	0.000006
1320.000000	1.671655	0.001220	0.000006
1321.000000	1.672863	0.001195	0.000006
1322.000000	1.674045	0.001170	0.000006
1323.000000	1.675203	0.001145	0.000006
1324.000000	1.676335	0.001120	0.000006
1325.000000	1.677442	0.001094	0.000006
1326.000000	1.678524	0.001069	0.000006
1327.000000	1.679580	0.001043	0.000006
1328.000000	1.680610	0.001017	0.000006
1329.000000	1.681614	0.000991	0.000006
1330.000000	1.682592	0.000965	0.000006
1331.000000	1.683545	0.000939	0.000006
1332.000000	1.684471	0.000913	0.000006
1333.000000	1.685372	0.000887	0.000006
1334.000000	1.686246	0.000861	0.000006
1335.000000	1.687093	0.000835	0.000006
1336.000000	1.687915	0.000808	0.000006
1337.000000	1.688710	0.000782	0.000006
1338.000000	1.689478	0.000755	0.000006
1339.000000	1.690220	0.000728	0.000006
1340.000000	1.690935	0.000702	0.000006
1341.000000	1.691623	0.000675	0.000006
1342.000000	1.692284	0.000648	0.000006
1343.000000	1.692919	0.000621	0.000006
1344.000000	1.693526	0.000594	0.000006
1345.000000	1.694107	0.000567	0.000006
1346.000000	1.694661	0.000540	0.000006
1347.000000	1.695187	0.000513	0.000006
1348.000000	1.695687	0.000486	0.000006
1349.000000	1.696159	0.000459	0.000006
1350.000000	1.696604	0.000431	0.000006
1351.000000	1.697022	0.000404	0.000006
1352.000000	1.697412	0.000377	0.000006
1353.000000	1.697776	0.000349	0.000006
1354.000000	1.698111	0.000322	0.000006
1355.000000	1.698420	0.000295	0.000006
1356.000000	1.698701	0.000267	0.000006
1357.000000	1.698954	0.000240	0.000006
1358.000000	1.699180	0.000212	0.000006
1359.000000	1.699379	0.000185	0.000006
1360.000000	1.699550	0.000157	0.000006
1361.000000	1.699694	0.000130	0.000006
1362.000000	1.699810	0.000102	0.000006
1363.000000	1.699898	0.000075	0.000006
1364.000000	1.699960	0.000047	0.000006
1365.000000	1.699993	0.000020	0.000006
1366.000000	1.699999	-0.000008	0.000006
1367.000000	1.699977	-0.000035	0.000006
1368.000000	1.699928	-0.000063	0.000006
1369.000000	1.699851	-0.000091	0.000006
1370.000000	1.699747	-0.000118	0.000006
1371.000000	1.699615	-0.000146	0.000006
1372.000000	1.699456	-0.000173	0.000006
1373.000000	1.699269	-0.000201	0.000006
1374.000000	1.699055	-0.000228	0.000006
1375.000000	1.698813	-0.000256	0.000006
1376.000000	1.698544	-0.000283	0.000006
1377.000000	1.698247	-0.000310	0.000006
1378.000000	1.697923	-0.000338	0.000006
1379.000000	1.697572	-0.000365	0.000006
1380.000000	1.697193	-0.000392	0.000006
1381.000000	1.696787	-0.000420	0.000006
1382.000000	1.696353	-0.000447	0.000006
1383.000000	1.695893	-0.000474	0.000006
1384.000000	1.695405	-0.000501	0.000006
1385.000000	1.694890	-0.000528	0.000006
1386.000000	1.694348	-0.000556	0.000006
1387.000000	1.693779	-0.000583	0.000006
1388.000000	1.693183	-0.000610	0.000006
1389.000000	1.692560	-0.000636	0.000006
1390.000000	1.691910	-0.000663	0.000006
1391.000000	1.691233	-0.000690	0.000006
1392.000000	1.690530	-0.000717	0.000006
1393.000000	1.689799	-0.000744	0.000006
1394.000000	1.689042	-0.000770	0.000006
1395.000000	1.688259	-0.000797	0.000006
1396.000000	1.687449	-0.000823	0.000006
1397.000000	1.686613	-0.000850	0.000006
1398.000000	1.685750	-0.000876	0.000006
1399.000000	1.684861	-0.000902	0.000006
1400.000000	1.683946	-0.000928	0.000006
1401.000000	1.683004	-0.000954	0.000006
1402.000000	1.682037	-0.000980	0.000006
1403.000000	1.681044	-0.001006	0.000006
1404.000000	1.680025	-0.001032	0.000006
1405.000000	1.678980	-0.001058	0.000006
1406.000000	1.677909	-0.001083	0.000006
1407.000000	1.676813	-0.001109	0.000006
1408.000000	1.675692	-0.001134	0.000006
1409.000000	1.674545	-0.001159	0.000006
1410.000000	1.673373	-0.001185	0.000006
1411.000000	1.672176	-0.001210	0.000006
1412.000000	1.670954	-0.001234	0.000006
1413.000000	1.669707	-0.001259	0.000006
1414.000000	1.668436	-0.001284	0.000006
1415.000000	1.667139	-0.001309	0.000006
1416.000000	1.665819	-0.001333	0.000006
1417.000000	1.664474	-0.001357	0.000006
1418.000000	1.663104	-0.001381	0.000006
1419.000000	1.661711	-0.001405	0.000006
1420.000000	1.660294	-0.001429	0.000006
1421.000000	1.658853	-0.001453	0.000006
1422.000000	1.657388	-0.001476	0.000006
1423.000000	1.655900	-0.001500	0.000006
1424.000000	1.654388	-0.001523	0.000006
1425.000000	1.652853	-0.001546	0.000006
1426.000000	1.651296	-0.001569	0.000006
1427.000000	1.649715	-0.001592	0.000007
1428.000000	1.648112	-0.001615	0.000007
1429.000000	1.646486	-0.001637	0.000007
1430.000000	1.644838	-0.001659	0.000007
1431.000000	1.643168	-0.001681	0.000007
1432.000000	1.641476	-0.001703	0.000007
1433.000000	1.639762	-0.001725	0.000007
1434.000000	1.638026	-0.001746	0.000007
1435.000000	1.636269	-0.001768	0.000007
1436.000000	1.634491	-0.001789	0.000007
1437.000000	1.632692	-0.001810	0.000007
1438.000000	1.630872	-0.001830	0.000007
1439.000000	1.629032	-0.001851	0.000007
1440.000000	1.627171	-0.001871	0.000007
1441.000000	1.625290	-0.001891	0.000007
1442.000000	1.623389	-0.001911	0.000007
1443.000000	1.621469	-0.001930	0.000007
1444.000000	1.619529	-0.001950	0.000007
1445.000000	1.617569	-0.001969	0.000007
1446.000000	1.615591	-0.001988	0.000007
1447.000000	1.613594	-0.002006	0.000007
1448.000000	1.611579	-0.002025	0.000007
1449.000000	1.609545	-0.002043	0.000007
1450.000000	1.607493	-0.002061	0.000007
1451.000000	1.605424	-0.002078	0.000007
1452.000000	1.603337	-0.002096	0.000008
1453.000000	1.601233	-0.002113	0.000008
1454.000000	1.599112	-0.002129	0.000008
1455.000000	1.596974	-0.002146	0.000008
1456.000000	1.594820	-0.002162	0.000008
1457.000000	1.592650	-0.002178	0.000008
1458.000000	1.590464	-0.002194	0.000008
1459.000000	1.588263	-0.002209	0.000008
1460.000000	1.586047	-0.002224	0.000008
1461.000000	1.583815	-0.002239	0.000008
1462.000000	1.581570	-0.002253	0.000008
1463.000000	1.579309	-0.002267	0.000008
1464.000000	1.577035	-0.002281	0.000008
1465.000000	1.574748	-0.002294	0.000008
1466.000000	1.572447	-0.002307	0.000008
1467.000000	1.570133	-0.002320	0.000008
1468.000000	1.567807	-0.002333	0.000008
1469.000000	1.565468	-0.002345	0.000008
1470.000000	1.563118	-0.002356	0.000009
1471.000000	1.560755	-0.002368	0.000009
1472.000000	1.558382	-0.002379	0.000009
1473.000000	1.555998	-0.002389	0.000009
1474.000000	1.553604	-0.002399	0.000009
1475.000000	1.551199	-0.002409	0.000009
1476.000000	1.548785	-0.002419	0.000009
1477.000000	1.546362	-0.002428	0.000009
1478.000000	1.543930	-0.002437	0.000009
1479.000000	1.541489	-0.002445	0.000009
1480.000000	1.539040	-0.002453	0.000009
1481.000000	1.536584	-0.002460	0.000009
1482.000000	1.534120	-0.002467	0.000009
1483.000000	1.531649	-0.002474	0.000009
1484.000000	1.529172	-0.002480	0.000010
1485.000000	1.526689	-0.002486	0.000010
1486.000000	1.524201	-0.002491	0.000010
1487.000000	1.521707	-0.002496	0.000010
1488.000000	1.519209	-0.002500	0.000010
1489.000000	1.516707	-0.002504	0.000010
1490.000000	1.514201	-0.002508	0.000010
1491.000000	1.511691	-0.002511	0.000010
1492.000000	1.509179	-0.002513	0.000010
1493.000000	1.506664	-0.002516	0.000010
1494.000000	1.504148	-0.002517	0.000010
1495.000000	1.501630	-0.002518	0.000010
1496.000000	1.499112	-0.002519	0.000011
1497.000000	1.496592	-0.002519	0.000011
1498.000000	1.494074	-0.002519	0.000011
1499.000000	1.491555	-0.002518	0.000011
